1,117,0.9953521
2,403,0.9964998
3,405,0.99037176
4,56,0.99627966
5,218,0.99432045
6,547,0.97414243
7,117,0.9955004
8,204,0.9952286
9,276,0.99450094
10,20,0.98759043
11,56,0.9965508
12,56,0.9964165
13,100,0.9917786
14,285,0.9940889
15,237,0.99441165
16,116,0.9773587
17,68,0.99384123
18,30,0.96384585
19,14,0.990724
20,116,0.98924387
21,473,0.9875841
22,174,0.99704474
23,182,0.9947838
24,455,0.99440145
25,121,0.99399483
26,381,0.9889748
27,231,0.99226993
28,423,0.9971849
29,403,0.99679446
30,212,0.987407
31,69,0.99509454
32,175,0.99025667
33,68,0.994741
34,57,0.96000737
35,78,0.98730755
36,794,0.97587204
37,29,0.9716817
38,161,0.99559504
39,96,0.9917823
40,393,0.99197924
41,67,0.991371
42,204,0.9939247
43,54,0.989104
44,234,0.99287254
45,462,0.990837
46,715,0.98439384
47,168,0.9944156
48,64,0.9925133
49,393,0.9939711
50,181,0.9982376
51,97,0.9928743
52,70,0.99197
53,218,0.99524885
54,226,0.9954212
55,195,0.994685
56,98,0.9972433
57,462,0.9856397
58,69,0.9959426
59,60,0.99619484
60,59,0.99619484
61,59,0.9960204
62,403,0.9963918
63,393,0.9953187
64,69,0.99641466
65,69,0.9935467
66,88,0.99656546
67,94,0.99598116
68,550,0.9964703
69,423,0.99744195
70,216,0.99622595
71,95,0.99753875
72,393,0.9956391
73,393,0.99472165
74,218,0.96022606
75,1437,0.9571394
76,69,0.990329
77,161,0.99549747
78,94,0.99034125
79,174,0.9973227
80,67,0.99530745
81,64,0.9936793
82,161,0.99761665
83,190,0.99398446
84,82,0.9792397
85,4,0.991571
86,387,0.9935432
87,191,0.9929744
88,202,0.996947
89,174,0.9973093
90,367,0.9935135
91,588,0.99541616
92,11,0.9939876
93,475,0.9919959
94,393,0.99685144
95,71,0.99753875
96,195,0.99794465
97,69,0.9971363
98,56,0.9972433
99,588,0.9969216
100,7,0.99548376
101,91,0.993127
102,99,0.9924941
103,112,0.9818425
104,225,0.95610875
105,411,0.988789
106,118,0.9889933
107,277,0.9797424
108,235,0.9846389
109,24,0.99015564
110,94,0.9895175
111,274,0.99434865
112,103,0.9818425
113,61,0.97515345
114,169,0.9915662
115,168,0.96074235
116,285,0.99278176
117,405,0.99697757
118,121,0.99708617
119,45,0.9522051
120,121,0.98535424
121,405,0.99804306
122,411,0.9925095
123,1047,0.992249
124,137,0.9940961
125,471,0.994835
126,237,0.9898942
127,187,0.9960422
128,24,0.99230874
129,7,0.9915525
130,124,0.9700035
131,143,0.9922113
132,174,0.9964721
133,132,0.9962342
134,483,0.9960884
135,174,0.9965441
136,496,0.9940343
137,124,0.9940961
138,393,0.97348934
139,94,0.9905148
140,71,0.99265504
141,419,0.9928005
142,419,0.99359196
143,423,0.99664456
144,174,0.9969399
145,219,0.99262536
146,242,0.9607965
147,117,0.994084
148,471,0.99139446
149,1085,0.97563505
150,475,0.99192363
151,1,0.9953065
152,502,0.99336135
153,204,0.9964861
154,168,0.9958957
155,739,0.9952442
156,12,0.99507135
157,144,0.9951462
158,67,0.99173754
159,77,0.9937825
160,153,0.991101
161,82,0.99761665
162,157,0.9928486
163,153,0.9939422
164,98,0.995315
165,166,0.9957247
166,165,0.9957247
167,153,0.99282354
168,204,0.9975482
169,189,0.99607587
170,462,0.9938069
171,512,0.99066806
172,174,0.9981306
173,174,0.9968701
174,172,0.9981306
175,89,0.9958964
176,183,0.99796414
177,188,0.99433523
178,199,0.99141246
179,180,0.9957592
180,357,0.9957793
181,50,0.9982376
182,174,0.99620014
183,176,0.99796414
184,201,0.9948005
185,98,0.9960242
186,204,0.9970835
187,127,0.9960422
188,195,0.9961929
189,169,0.99607587
190,83,0.99398446
191,69,0.99655175
192,23,0.9943154
193,174,0.99533087
194,435,0.9960512
195,96,0.99794465
196,69,0.9970546
197,135,0.99631405
198,89,0.9920427
199,211,0.9947134
200,234,0.9962781
201,184,0.9948005
202,204,0.99718404
203,79,0.99565357
204,210,0.99755085
205,211,0.9940348
206,28,0.987709
207,190,0.98982006
208,168,0.99634963
209,238,0.99584764
210,172,0.9977403
211,435,0.9959282
212,198,0.991136
213,86,0.99304956
214,135,0.9930242
215,423,0.9968924
216,202,0.9970372
217,559,0.99661213
218,234,0.99608266
219,559,0.9954863
220,476,0.9889563
221,137,0.99131703
222,228,0.99564326
223,69,0.993566
224,116,0.98704594
225,151,0.9907522
226,550,0.9977517
227,230,0.99772054
228,229,0.99798495
229,228,0.99798495
230,228,0.9977277
231,403,0.9970483
232,403,0.99549246
233,226,0.9967276
234,98,0.99712116
235,121,0.9942291
236,93,0.9818549
237,471,0.99521035
238,204,0.99676514
239,204,0.99584186
240,121,0.99160373
241,226,0.9948276
242,305,0.98294663
243,988,0.9885553
244,129,0.97936124
245,322,0.99057317
246,268,0.99621755
247,35,0.95435107
248,257,0.99349433
249,257,0.99333924
250,257,0.9953855
251,285,0.9839072
252,257,0.9948232
253,221,0.97537446
254,252,0.98732585
255,257,0.99202055
256,251,0.97207326
257,250,0.9953855
258,328,0.9907843
259,243,0.9858541
260,264,0.9884672
261,681,0.9820925
262,305,0.98731995
263,261,0.97853714
264,260,0.9884672
265,174,0.9966997
266,680,0.99463755
267,453,0.9554647
268,246,0.99621755
269,302,0.992195
270,302,0.98794955
271,328,0.98937976
272,315,0.995702
273,7,0.99403757
274,111,0.99434865
275,283,0.9958731
276,9,0.99450094
277,283,0.9843847
278,111,0.98952454
279,1171,0.9755392
280,237,0.9908542
281,121,0.994424
282,237,0.9951955
283,275,0.9958731
284,237,0.9942818
285,14,0.9940889
286,289,0.9883173
287,285,0.98920757
288,895,0.98797196
289,286,0.9883173
290,235,0.9908831
291,742,0.99337035
292,299,0.9836767
293,248,0.9929911
294,323,0.9871981
295,298,0.9908804
296,297,0.96086574
297,303,0.9934017
298,1016,0.9942486
299,333,0.9866329
300,328,0.99442863
301,307,0.98987
302,269,0.992195
303,297,0.9934017
304,500,0.9838655
305,865,0.9905799
306,303,0.989586
307,333,0.9910382
308,1394,0.97363955
309,308,0.9362419
310,272,0.9912406
311,347,0.98886544
312,347,0.98913765
313,272,0.99512875
314,901,0.95306385
315,316,0.9959415
316,315,0.9959415
317,12,0.99181837
318,69,0.99624544
319,321,0.9864614
320,844,0.97806054
321,319,0.9864614
322,323,0.99167967
323,678,0.9950737
324,325,0.9865591
325,324,0.9865591
326,328,0.9915927
327,302,0.9891897
328,300,0.99442863
329,348,0.9892869
330,299,0.98612887
331,333,0.99180835
332,328,0.98896533
333,328,0.992767
334,324,0.9808914
335,330,0.98073393
336,264,0.97439957
337,262,0.97768104
338,689,0.98326546
339,348,0.9811231
340,272,0.99031425
341,668,0.9508257
342,331,0.98175794
343,271,0.988759
344,272,0.9901958
345,347,0.9868168
346,347,0.9906426
347,272,0.9939076
348,329,0.9892869
349,347,0.97945225
350,313,0.98152095
351,350,0.97450465
352,908,0.9761827
353,272,0.9780256
354,313,0.9891316
355,347,0.9871733
356,77,0.9943022
357,174,0.9963293
358,260,0.9853055
359,360,0.97324634
360,359,0.97324634
361,1434,0.9719868
362,347,0.9742594
363,597,0.9905886
364,67,0.991371
365,393,0.9895063
366,402,0.9914114
367,202,0.99603593
368,412,0.9847598
369,763,0.98771256
370,717,0.9762293
371,216,0.9899236
372,382,0.98422885
373,1228,0.9929573
374,404,0.97506255
375,395,0.9813911
376,63,0.98501354
377,110,0.97977287
378,423,0.99394673
379,219,0.99275976
380,227,0.9963955
381,70,0.9918325
382,70,0.99178153
383,451,0.98526907
384,80,0.9941583
385,568,0.9974363
386,94,0.9951022
387,86,0.9935432
388,395,0.9905795
389,419,0.9830697
390,421,0.95115775
391,62,0.99393857
392,69,0.990645
393,204,0.996892
394,62,0.97458184
395,94,0.9942955
396,559,0.98956674
397,233,0.98029095
398,233,0.9846732
399,403,0.9942079
400,94,0.98091817
401,393,0.99455315
402,739,0.9967441
403,550,0.99723864
404,99,0.99622107
405,121,0.99804306
406,413,0.9869478
407,105,0.98657006
408,169,0.9958131
409,411,0.9911312
410,411,0.9932019
411,1028,0.99470544
412,411,0.9917053
413,379,0.9890746
414,194,0.9907516
415,94,0.98602504
416,99,0.9917734
417,143,0.99423426
418,99,0.99660635
419,143,0.99624866
420,99,0.99495167
421,433,0.990239
422,588,0.9843931
423,69,0.99744195
424,413,0.97896385
425,81,0.99326557
426,227,0.985223
427,174,0.994186
428,663,0.9937753
429,211,0.9929045
430,435,0.99443537
431,228,0.99602187
432,99,0.99659824
433,204,0.9955044
434,89,0.99153954
435,194,0.9960512
436,219,0.9946276
437,439,0.9842196
438,437,0.9827476
439,437,0.9842196
440,441,0.98830026
441,219,0.9918738
442,439,0.97902733
443,234,0.9964052
444,447,0.99059105
445,200,0.9856842
446,441,0.9816024
447,218,0.9951885
448,447,0.9950479
449,229,0.99712
450,449,0.9954736
451,393,0.9963717
452,234,0.99378425
453,452,0.9888969
454,234,0.967947
455,24,0.99440145
456,411,0.98632705
457,261,0.9796071
458,508,0.9848392
459,274,0.967387
460,544,0.9824189
461,4,0.9926826
462,170,0.9938069
463,213,0.98797894
464,469,0.9852514
465,419,0.9939709
466,12,0.98881984
467,23,0.98998976
468,568,0.99115086
469,47,0.9882429
470,385,0.99496734
471,237,0.99521035
472,405,0.9950779
473,405,0.9905029
474,174,0.99620634
475,100,0.99376225
476,756,0.9929114
477,1,0.990379
478,483,0.9933065
479,603,0.9959068
480,479,0.9953589
481,482,0.99274695
482,479,0.99397415
483,134,0.9960884
484,483,0.9955032
485,419,0.99456954
486,482,0.9871581
487,131,0.9896451
488,514,0.99206656
489,480,0.9922673
490,494,0.9901027
491,705,0.9913013
492,506,0.9922756
493,705,0.99199736
494,497,0.99251014
495,498,0.9918892
496,132,0.99602985
497,494,0.99251014
498,483,0.9949298
499,507,0.9922156
500,304,0.9838655
501,418,0.99624103
502,152,0.99336135
503,186,0.98870337
504,654,0.9943838
505,483,0.9919328
506,492,0.9922756
507,499,0.9922156
508,475,0.99170595
509,70,0.99162334
510,199,0.99294543
511,174,0.9947396
512,462,0.9915613
513,134,0.99075407
514,197,0.99520916
515,127,0.98943055
516,663,0.9909056
517,514,0.99481076
518,182,0.9919594
519,661,0.9932268
520,199,0.99424595
521,135,0.99412984
522,175,0.98239696
523,194,0.9943966
524,514,0.98471713
525,603,0.99346936
526,199,0.9936472
527,191,0.9954525
528,180,0.99427325
529,462,0.9918785
530,654,0.9917181
531,582,0.9907603
532,253,0.96956474
533,297,0.9768126
534,248,0.9791785
535,1014,0.98679936
536,297,0.9746546
537,428,0.98390394
538,259,0.9741413
539,315,0.9768559
540,385,0.9920695
541,578,0.9926534
542,95,0.99221885
543,526,0.9656527
544,1011,0.9899863
545,452,0.98167175
546,405,0.9969825
547,919,0.98285437
548,443,0.9704645
549,97,0.99344015
550,226,0.9977517
551,219,0.98956966
552,226,0.9910167
553,402,0.9901702
554,226,0.9949236
555,569,0.9710066
556,470,0.9767659
557,640,0.9759027
558,47,0.98953885
559,217,0.99661213
560,623,0.98515177
561,559,0.9938897
562,550,0.9908578
563,219,0.99080545
564,551,0.9832248
565,444,0.98723644
566,385,0.99714035
567,219,0.9908749
568,385,0.9974363
569,559,0.9942893
570,470,0.99160737
571,780,0.98847646
572,550,0.9889267
573,670,0.9869088
574,1090,0.9799363
575,393,0.9915506
576,385,0.9958118
577,386,0.99193233
578,550,0.9964219
579,68,0.9797578
580,70,0.9774784
581,226,0.9907464
582,70,0.9940846
583,92,0.98831326
584,71,0.99001473
585,393,0.99163544
586,576,0.9907846
587,527,0.97215664
588,95,0.99723095
589,474,0.98630244
590,145,0.9872261
591,282,0.99449325
592,761,0.97195804
593,1318,0.96428204
594,1070,0.9601255
595,742,0.9907182
596,473,0.9899356
597,405,0.99694437
598,281,0.9375675
599,677,0.94010925
600,617,0.9413884
601,482,0.9840536
602,610,0.9914328
603,479,0.9959068
604,498,0.99205065
605,610,0.9864223
606,488,0.9917619
607,134,0.9915419
608,505,0.9889199
609,132,0.98875415
610,602,0.9914328
611,507,0.9887511
612,498,0.9846595
613,494,0.99000865
614,483,0.99088925
615,479,0.9894736
616,211,0.990704
617,489,0.9803996
618,485,0.981974
619,282,0.9905665
620,282,0.9890128
621,141,0.97384983
622,141,0.9910368
623,71,0.9880223
624,625,0.9845383
625,588,0.9944995
626,513,0.9541046
627,71,0.99246484
628,591,0.99316114
629,153,0.9925666
630,498,0.98513657
631,735,0.9931408
632,162,0.9903337
633,485,0.9912787
634,582,0.97493607
635,219,0.98460585
636,89,0.99408096
637,200,0.9900978
638,166,0.9884809
639,212,0.98840064
640,179,0.9902741
641,513,0.98756677
642,89,0.9930607
643,666,0.9669625
644,357,0.98338425
645,433,0.9793668
646,177,0.9851202
647,170,0.99045044
648,659,0.99033874
649,23,0.9886143
650,511,0.99019057
651,174,0.9947892
652,42,0.98978
653,185,0.9843211
654,134,0.994793
655,204,0.99659896
656,185,0.986138
657,654,0.9934247
658,403,0.99283504
659,194,0.99257267
660,196,0.9957683
661,519,0.9932268
662,97,0.990352
663,430,0.9939023
664,428,0.98672426
665,226,0.9953694
666,638,0.9689568
667,440,0.98302203
668,669,0.98204815
669,668,0.98204815
670,448,0.9900522
671,675,0.99091005
672,219,0.99486935
673,218,0.9918253
674,436,0.99148685
675,185,0.991136
676,744,0.9801638
677,599,0.94010925
678,323,0.9950737
679,550,0.9957964
680,266,0.99463755
681,261,0.9820925
682,895,0.9919516
683,308,0.9675091
684,566,0.9964729
685,405,0.9955446
686,4,0.9886314
687,243,0.98326427
688,261,0.9776357
689,879,0.9857364
690,750,0.9908546
691,750,0.9790307
692,88,0.99531794
693,182,0.99459434
694,707,0.98570174
695,789,0.97562426
696,282,0.98750186
697,655,0.98810536
698,702,0.96700156
699,423,0.9933041
700,654,0.97880095
701,205,0.9668536
702,70,0.98980856
703,707,0.9758116
704,709,0.97774094
705,482,0.99371904
706,769,0.9634791
707,213,0.9914528
708,215,0.9939601
709,216,0.9921736
710,168,0.9925729
711,706,0.9114287
712,211,0.98915386
713,10,0.9847893
714,83,0.97799677
715,367,0.99302256
716,451,0.9883187
717,756,0.9901058
718,279,0.9673007
719,80,0.9857464
720,161,0.99376744
721,42,0.99255717
722,38,0.9934115
723,729,0.9873797
724,699,0.98953503
725,386,0.9852255
726,723,0.9666897
727,58,0.987208
728,38,0.9902717
729,423,0.9935639
730,190,0.9803588
731,728,0.98748344
732,202,0.99630463
733,512,0.97518843
734,94,0.98740643
735,69,0.9954833
736,86,0.9931506
737,196,0.9864986
738,401,0.9853296
739,402,0.9967441
740,275,0.98422927
741,475,0.9851257
742,117,0.9956745
743,68,0.98612297
744,9,0.9810697
745,430,0.982198
746,95,0.99466354
747,739,0.9940517
748,328,0.99092746
749,877,0.97687906
750,313,0.99165815
751,313,0.9930257
752,347,0.98322177
753,190,0.9825866
754,331,0.981245
755,82,0.9953818
756,411,0.9929927
757,784,0.9584618
758,743,0.9812354
759,779,0.97782767
760,7,0.9795651
761,38,0.98986614
762,1048,0.99045384
763,411,0.9924047
764,762,0.9794844
765,67,0.99007124
766,1375,0.9731069
767,590,0.97199345
768,393,0.9918109
769,452,0.9895967
770,566,0.9910887
771,552,0.98911005
772,806,0.988752
773,672,0.9818399
774,559,0.98994505
775,783,0.98724055
776,785,0.9654224
777,551,0.9678024
778,88,0.9895548
779,578,0.99027336
780,67,0.9948333
781,66,0.9941379
782,1113,0.977247
783,367,0.9911076
784,861,0.9612408
785,367,0.9886687
786,72,0.9742241
787,110,0.97547156
788,784,0.9612408
789,42,0.9900671
790,67,0.9941351
791,585,0.9771655
792,70,0.99310577
793,42,0.9741081
794,66,0.9902806
795,768,0.9833182
796,66,0.98864615
797,62,0.9900094
798,572,0.97624594
799,811,0.94625753
800,164,0.98865277
801,384,0.98467493
802,578,0.9932672
803,686,0.98198444
804,780,0.977136
805,792,0.9873399
806,772,0.988752
807,417,0.97922164
808,233,0.99015623
809,62,0.99038166
810,62,0.9925965
811,507,0.97915757
812,99,0.98110574
813,93,0.98446214
814,857,0.94010925
815,237,0.99101204
816,672,0.9883113
817,320,0.9593245
818,979,0.9677254
819,125,0.98342925
820,121,0.9914325
821,143,0.9757385
822,481,0.9563128
823,546,0.9904487
824,721,0.98712206
825,405,0.99146456
826,405,0.9918927
827,117,0.9880821
828,225,0.9605941
829,595,0.9826837
830,857,0.94010925
831,546,0.9921894
832,932,0.9772441
833,763,0.9887317
834,406,0.97589105
835,199,0.98163813
836,478,0.9863338
837,604,0.986116
838,451,0.9323594
839,828,0.9564661
840,546,0.98641086
841,831,0.98814994
842,419,0.98646
843,417,0.9894153
844,7,0.98510844
845,111,0.9937067
846,476,0.98618823
847,137,0.985878
848,607,0.9739197
849,226,0.99290586
850,491,0.95532066
851,37,0.9621501
852,857,0.94010925
853,854,0.9807867
854,201,0.9850616
855,529,0.9916445
856,209,0.984528
857,852,0.94010925
858,437,0.97123384
859,672,0.9776645
860,53,0.98501223
861,667,0.96428204
862,2,0.9747614
863,166,0.9846254
864,866,0.9865509
865,305,0.9905799
866,111,0.99117893
867,1448,0.9698572
868,615,0.9460903
869,739,0.9832594
870,224,0.96349025
871,410,0.9865437
872,880,0.98552006
873,322,0.9819026
874,262,0.9820886
875,262,0.9807105
876,881,0.99327403
877,326,0.9834497
878,989,0.9777319
879,300,0.9911191
880,872,0.98552006
881,876,0.99327403
882,311,0.98422295
883,885,0.9735905
884,360,0.9663331
885,883,0.9735905
886,268,0.97624713
887,305,0.985879
888,689,0.96827537
889,242,0.96707344
890,343,0.97707516
891,272,0.9496856
892,342,0.97609216
893,310,0.96587455
894,901,0.97013426
895,682,0.9919516
896,900,0.985765
897,360,0.9490092
898,750,0.9865654
899,906,0.9643997
900,896,0.985765
901,894,0.97013426
902,347,0.98448664
903,900,0.97955513
904,900,0.974156
905,347,0.9845115
906,306,0.97589046
907,360,0.9490092
908,895,0.97876906
909,1024,0.9719494
910,900,0.96193063
911,915,0.9727051
912,916,0.97459036
913,911,0.9584618
914,916,0.97199345
915,916,0.9805068
916,915,0.9805068
917,916,0.9777872
918,916,0.9683527
919,93,0.9885271
920,1359,0.95631146
921,923,0.9870788
922,124,0.9795695
923,921,0.9870788
924,15,0.9886225
925,619,0.9806915
926,1047,0.9911836
927,1370,0.9698572
928,123,0.99080664
929,473,0.98391837
930,121,0.9913599
931,405,0.9857032
932,597,0.98344505
933,460,0.9745525
934,742,0.98485655
935,936,0.9730307
936,297,0.98255783
937,938,0.9822218
938,690,0.98294234
939,77,0.99029243
940,384,0.9920924
941,732,0.98862356
942,693,0.9914751
943,55,0.99145406
944,732,0.98975235
945,479,0.9886287
946,95,0.99306977
947,576,0.9739428
948,872,0.9792108
949,70,0.98989
950,13,0.9834639
951,423,0.9893619
952,13,0.9879528
953,381,0.97741514
954,512,0.9709641
955,462,0.9851446
956,70,0.9874203
957,970,0.9515083
958,923,0.9762869
959,433,0.9913863
960,32,0.9845437
961,190,0.9809864
962,197,0.9789784
963,69,0.9817431
964,45,0.9715214
965,131,0.98576057
966,660,0.9857256
967,188,0.9766534
968,633,0.9803075
969,501,0.99003077
970,971,0.97677
971,170,0.9920532
972,196,0.9871016
973,517,0.9496656
974,975,0.98554605
975,928,0.98597324
976,1215,0.9633728
977,546,0.9875359
978,472,0.97198755
979,273,0.9828997
980,240,0.9723693
981,930,0.96694416
982,831,0.98511404
983,717,0.974611
984,322,0.9839588
985,619,0.9741308
986,546,0.98095816
987,992,0.9460556
988,243,0.9885553
989,878,0.9777319
990,690,0.9749267
991,324,0.9764549
992,948,0.96023685
993,596,0.98958826
994,1589,0.9635599
995,301,0.97570366
996,1469,0.9791487
997,722,0.9778257
998,577,0.9780249
999,780,0.9766589
1000,80,0.98182917
1001,820,0.9739428
1002,105,0.96813494
1003,878,0.9598316
1004,679,0.96700794
1005,59,0.98612756
1006,512,0.9834197
1007,93,0.9809094
1008,1010,0.98560363
1009,14,0.9819246
1010,1008,0.98560363
1011,591,0.99081254
1012,257,0.9887033
1013,252,0.98456043
1014,248,0.99162644
1015,7,0.955127
1016,298,0.9942486
1017,100,0.9846744
1018,640,0.9868536
1019,653,0.97776544
1020,498,0.98404664
1021,606,0.9867845
1022,262,0.98318344
1023,298,0.97438574
1024,909,0.9719494
1025,333,0.9772539
1026,1392,0.9669625
1027,1484,0.9545111
1028,411,0.99470544
1029,401,0.9771876
1030,386,0.9784737
1031,501,0.96652204
1032,768,0.9751826
1033,1028,0.9861627
1034,826,0.9815816
1035,82,0.99174434
1036,393,0.9810994
1037,451,0.98658466
1038,876,0.96379894
1039,190,0.9892802
1040,1047,0.98063475
1041,66,0.9921562
1042,1046,0.990723
1043,623,0.9755653
1044,69,0.9889739
1045,135,0.9824257
1046,77,0.9928455
1047,405,0.9935214
1048,762,0.99045384
1049,932,0.97867787
1050,491,0.98844695
1051,274,0.9841156
1052,407,0.9806498
1053,724,0.9856627
1054,278,0.97427225
1055,1179,0.9731069
1056,634,0.96023613
1057,815,0.9754977
1058,1053,0.98341024
1059,833,0.98354065
1060,225,0.9800717
1061,476,0.9827238
1062,1176,0.97495735
1063,496,0.9803806
1064,524,0.96079165
1065,209,0.98925894
1066,946,0.98059565
1067,129,0.9844301
1068,19,0.9723104
1069,1103,0.9877683
1070,1103,0.98706305
1071,93,0.97675484
1072,1487,0.960348
1073,475,0.9869948
1074,393,0.9914022
1075,428,0.9667849
1076,2,0.9797382
1077,49,0.9667467
1078,542,0.98291725
1079,3,0.9803701
1080,698,0.9490092
1081,979,0.95880014
1082,297,0.97309047
1083,53,0.9603362
1084,950,0.9481402
1085,149,0.97563505
1086,1137,0.9813532
1087,1291,0.96723336
1088,1016,0.97588354
1089,1016,0.97839767
1090,77,0.9896429
1091,393,0.98994356
1092,1337,0.9780679
1093,24,0.9616765
1094,1059,0.9605091
1095,411,0.9824584
1096,1082,0.9405321
1097,919,0.9794169
1098,209,0.9834074
1099,45,0.9676991
1100,702,0.9724453
1101,238,0.9898885
1102,1374,0.9529271
1103,1069,0.9877683
1104,171,0.9558144
1105,349,0.95221233
1106,903,0.95193803
1107,708,0.9861398
1108,1499,0.9669625
1109,12,0.97942865
1110,403,0.9888122
1111,517,0.9707907
1112,58,0.98099315
1113,190,0.98437023
1114,1047,0.9569162
1115,10,0.9810662
1116,416,0.98044455
1117,1115,0.963105
1118,4,0.98825353
1119,402,0.9872475
1120,473,0.96101874
1121,166,0.9797451
1122,1123,0.9223481
1123,617,0.96043205
1124,478,0.98188406
1125,493,0.9570697
1126,519,0.9870613
1127,1234,0.9632815
1128,919,0.9638282
1129,221,0.9769729
1130,1077,0.9062683
1131,1103,0.9754869
1132,410,0.9776227
1133,142,0.98545045
1134,508,0.97897726
1135,157,0.98957676
1136,692,0.97795135
1137,813,0.982588
1138,1615,0.9226759
1139,356,0.9861497
1140,143,0.9804708
1141,702,0.9601045
1142,248,0.98618823
1143,129,0.9765535
1144,1143,0.96223724
1145,693,0.9696741
1146,1030,0.9593245
1147,942,0.9823806
1148,387,0.9665522
1149,175,0.9694857
1150,278,0.96780753
1151,824,0.9683221
1152,220,0.97207797
1153,23,0.97838426
1154,175,0.9646746
1155,1158,0.97296894
1156,1155,0.9223481
1157,552,0.9825563
1158,1155,0.97296894
1159,1524,0.9632815
1160,255,0.97784346
1161,1245,0.9589953
1162,1312,0.960348
1163,275,0.97573847
1164,112,0.97183245
1165,597,0.9774563
1166,1070,0.9726812
1167,372,0.9712904
1168,161,0.97927046
1169,215,0.9679718
1170,204,0.98210424
1171,1137,0.9794623
1172,606,0.973122
1173,1380,0.9718303
1174,1171,0.9710928
1175,1429,0.9669625
1176,1062,0.97495735
1177,229,0.96022606
1178,72,0.9851467
1179,1178,0.97963375
1180,73,0.9759827
1181,67,0.9783476
1182,451,0.9784415
1183,90,0.9748577
1184,47,0.96729606
1185,80,0.9830316
1186,1448,0.9545111
1187,1097,0.96967053
1188,232,0.99445647
1189,1594,0.9612408
1190,255,0.9657507
1191,886,0.9457589
1192,190,0.9655603
1193,213,0.9754201
1194,86,0.9820496
1195,170,0.9724978
1196,958,0.9628873
1197,15,0.98310655
1198,20,0.9626162
1199,919,0.9770251
1200,606,0.9640653
1201,1196,0.9223481
1202,20,0.96853465
1203,482,0.98683596
1204,479,0.97706
1205,530,0.96777093
1206,90,0.98123324
1207,77,0.9814166
1208,1046,0.98662233
1209,80,0.98060936
1210,38,0.98941815
1211,425,0.9748551
1212,731,0.96449614
1213,1042,0.96849036
1214,640,0.9782145
1215,597,0.985266
1216,993,0.9700934
1217,54,0.99013233
1218,41,0.9817769
1219,393,0.97895837
1220,366,0.9909518
1221,655,0.98657537
1222,68,0.98894805
1223,61,0.95732474
1224,90,0.9782591
1225,721,0.9771215
1226,293,0.98335266
1227,26,0.9766247
1228,62,0.9932557
1229,366,0.97562426
1230,67,0.9785067
1231,550,0.98815936
1232,576,0.9809757
1233,1429,0.9392213
1234,1127,0.9632815
1235,1236,0.94010925
1236,1235,0.94010925
1237,691,0.9631048
1238,348,0.9477576
1239,391,0.9842132
1240,101,0.9849644
1241,1226,0.95250523
1242,1360,0.95631146
1243,752,0.9604288
1244,1016,0.986097
1245,979,0.9773493
1246,63,0.9720327
1247,1182,0.9655615
1248,226,0.9826777
1249,67,0.9773394
1250,1206,0.9722933
1251,242,0.959896
1252,1378,0.9716927
1253,1220,0.97363955
1254,1013,0.9698204
1255,1257,0.9759585
1256,1257,0.97296894
1257,1255,0.9759585
1258,298,0.9767741
1259,986,0.9479864
1260,1261,0.9460556
1261,704,0.94724274
1262,1153,0.96771526
1263,635,0.9634875
1264,544,0.9476834
1265,995,0.9746759
1266,529,0.9736138
1267,53,0.98814005
1268,171,0.9714272
1269,606,0.97711396
1270,1224,0.9641571
1271,63,0.9720327
1272,864,0.96034443
1273,53,0.9804735
1274,550,0.9761859
1275,1246,0.936386
1276,833,0.9798515
1277,291,0.9736364
1278,1014,0.96331
1279,1292,0.9385771
1280,330,0.98133034
1281,287,0.9740198
1282,126,0.958638
1283,756,0.9734824
1284,111,0.9797576
1285,1076,0.97856367
1286,480,0.9752278
1287,974,0.95250523
1288,764,0.9648327
1289,278,0.965537
1290,592,0.9502109
1291,284,0.9798178
1292,1283,0.95987
1293,1612,0.95064026
1294,1024,0.9412573
1295,1392,0.97377175
1296,1393,0.96508414
1297,699,0.9774542
1298,429,0.96867317
1299,945,0.9753315
1300,535,0.9693346
1301,411,0.94647133
1302,1379,0.960348
1303,550,0.9854725
1304,698,0.9490092
1305,379,0.95875823
1306,1308,0.9662384
1307,1308,0.9662384
1308,1307,0.9662384
1309,1310,0.94010925
1310,1309,0.94010925
1311,723,0.97990865
1312,368,0.9639181
1313,315,0.9757085
1314,825,0.9718869
1315,535,0.9817758
1316,341,0.9476714
1317,1359,0.9584618
1318,593,0.96428204
1319,1623,0.97296894
1320,1325,0.94010925
1321,1361,0.9612408
1322,1379,0.9718303
1323,1344,0.97123384
1324,3,0.9595944
1325,1320,0.94010925
1326,1354,0.9545067
1327,985,0.9582771
1328,1360,0.9545067
1329,1320,0.94010925
1330,1369,0.9460556
1331,1350,0.9584618
1332,1245,0.94059145
1333,1350,0.95631146
1334,1359,0.9662384
1335,1011,0.97608995
1336,1054,0.96096206
1337,1092,0.9780679
1338,1359,0.9584618
1339,1320,0.94010925
1340,1320,0.94010925
1341,1320,0.94010925
1342,1380,0.9545067
1343,1320,0.94010925
1344,1323,0.97123384
1345,1385,0.95631146
1346,1360,0.95631146
1347,19,0.95483124
1348,1320,0.94010925
1349,1320,0.94010925
1350,1331,0.9584618
1351,1284,0.9563253
1352,1320,0.94010925
1353,1367,0.96433854
1354,1326,0.9545067
1355,1357,0.9449664
1356,1319,0.97296894
1357,1152,0.95540726
1358,593,0.9468254
1359,1334,0.9662384
1360,1369,0.9584618
1361,1321,0.9612408
1362,1277,0.94059145
1363,1320,0.94010925
1364,1320,0.94010925
1365,1187,0.9458201
1366,1320,0.94010925
1367,1097,0.965086
1368,1370,0.9698572
1369,1379,0.9635599
1370,1344,0.97123384
1371,1033,0.9317721
1372,459,0.9572799
1373,1320,0.94010925
1374,1344,0.95631146
1375,766,0.9731069
1376,1047,0.9650805
1377,1199,0.96818477
1378,1252,0.9716927
1379,1322,0.9718303
1380,1173,0.9718303
1381,1342,0.9515083
1382,1391,0.97296894
1383,1386,0.959802
1384,1391,0.97589964
1385,1386,0.9622044
1386,1385,0.9622044
1387,1391,0.97589964
1388,1378,0.9622044
1389,1390,0.9612408
1390,1391,0.9612408
1391,1387,0.97589964
1392,1295,0.97377175
1393,1392,0.9716927
1394,308,0.97363955
1395,359,0.97276735
1396,382,0.9557473
1397,632,0.96587455
1398,36,0.9458201
1399,1394,0.95536894
1400,1445,0.974506
1401,318,0.9634499
1402,61,0.95732474
1403,863,0.9678024
1404,512,0.9778498
1405,1589,0.9651363
1406,1351,0.9475798
1407,29,0.9830386
1408,1207,0.9610124
1409,1091,0.96991056
1410,76,0.9586222
1411,208,0.9842112
1412,1112,0.96389467
1413,998,0.96967936
1414,1417,0.92818403
1415,1030,0.9735786
1416,636,0.95940804
1417,1315,0.93761396
1418,500,0.9540886
1419,2,0.98483235
1420,894,0.9233716
1421,467,0.9782888
1422,1103,0.96981436
1423,1267,0.9646758
1424,36,0.9635673
1425,2,0.97570133
1426,425,0.9659592
1427,521,0.95412946
1428,721,0.969761
1429,1175,0.9669625
1430,1431,0.9475798
1431,1434,0.9707891
1432,1434,0.9658422
1433,1434,0.9490092
1434,361,0.9719868
1435,940,0.9730307
1436,1378,0.95631146
1437,384,0.9733993
1438,365,0.96804297
1439,693,0.9744037
1440,540,0.9691904
1441,1053,0.9672264
1442,699,0.9573808
1443,415,0.94651157
1444,378,0.9775099
1445,1400,0.974506
1446,49,0.97479063
1447,1453,0.94010925
1448,867,0.9698572
1449,1512,0.9705655
1450,837,0.9362284
1451,494,0.98235476
1452,1453,0.94010925
1453,1457,0.94010925
1454,497,0.9697539
1455,1205,0.9545067
1456,663,0.9674434
1457,1453,0.94010925
1458,1453,0.94010925
1459,1401,0.95858413
1460,1453,0.94010925
1461,1453,0.94010925
1462,224,0.96964145
1463,909,0.93179405
1464,522,0.9524208
1465,694,0.9489511
1466,958,0.96471214
1467,1209,0.9439437
1468,1058,0.9742858
1469,417,0.98082894
1470,229,0.94504017
1471,739,0.9696073
1472,1022,0.9317721
1473,1029,0.9695424
1474,517,0.94850963
1475,1069,0.9683527
1476,1477,0.92818403
1477,1667,0.92818403
1478,1267,0.9842977
1479,723,0.9821891
1480,432,0.9742015
1481,1413,0.9515083
1482,1481,0.92818403
1483,916,0.9769336
1484,1027,0.9545111
1485,1512,0.9651363
1486,1498,0.94010925
1487,1072,0.960348
1488,1266,0.9574788
1489,1178,0.9644843
1490,869,0.9572799
1491,1239,0.9413884
1492,1498,0.94010925
1493,1498,0.94010925
1494,1498,0.94010925
1495,1007,0.9682686
1496,368,0.97220516
1497,1205,0.9545067
1498,1492,0.94010925
1499,1535,0.9692288
1500,1498,0.92818403
1501,61,0.9656652
1502,818,0.9362284
1503,1469,0.97706693
1504,512,0.94440514
1505,1489,0.9144791
1506,954,0.96503764
1507,1506,0.9223481
1508,716,0.9440719
1509,1224,0.9691567
1510,1508,0.9223481
1511,1652,0.9475798
1512,1449,0.9705655
1513,247,0.9475798
1514,1082,0.96880823
1515,822,0.918022
1516,607,0.94147044
1517,795,0.97519654
1518,71,0.9725606
1519,1517,0.95631146
1520,1519,0.92818403
1521,869,0.9678024
1522,1090,0.96128005
1523,1232,0.9422108
1524,1449,0.96725464
1525,1504,0.9223481
1526,1301,0.9144791
1527,887,0.9503989
1528,1378,0.9475798
1529,639,0.969905
1530,1168,0.9627668
1531,465,0.9716157
1532,1400,0.9490092
1533,1532,0.92818403
1534,1528,0.9449664
1535,1499,0.9692288
1536,1506,0.9223481
1537,1538,0.95064026
1538,1143,0.96223724
1539,940,0.96500057
1540,140,0.97227377
1541,1393,0.9502109
1542,1207,0.9422108
1543,1541,0.92818403
1544,1043,0.96764606
1545,45,0.9522051
1546,1587,0.94010925
1547,1551,0.9662384
1548,1587,0.94010925
1549,1585,0.9662384
1550,1539,0.9584618
1551,1547,0.9662384
1552,1419,0.9616133
1553,700,0.9716615
1554,1585,0.9662384
1555,169,0.9544879
1556,398,0.935557
1557,1587,0.94010925
1558,1512,0.95769936
1559,1587,0.94010925
1560,1553,0.9692288
1561,1587,0.94010925
1562,1587,0.94010925
1563,1587,0.94010925
1564,1587,0.94010925
1565,1587,0.94010925
1566,1587,0.94010925
1567,1587,0.94010925
1568,1587,0.94010925
1569,1587,0.94010925
1570,1587,0.94010925
1571,1587,0.94010925
1572,1587,0.94010925
1573,1558,0.9529271
1574,1587,0.94010925
1575,1587,0.94010925
1576,1587,0.94010925
1577,1587,0.94010925
1578,1585,0.9662384
1579,1587,0.94010925
1580,1587,0.94010925
1581,1587,0.94010925
1582,1587,0.94010925
1583,1587,0.94010925
1584,1587,0.94010925
1585,1578,0.9662384
1586,1587,0.94010925
1587,1586,0.94010925
1588,1590,0.9662384
1589,1405,0.9651363
1590,1588,0.9662384
1591,1592,0.9622044
1592,1591,0.9622044
1593,1360,0.92818403
1594,1189,0.9612408
1595,1596,0.94010925
1596,1595,0.94010925
1597,5,0.93551964
1598,1143,0.96389467
1599,1075,0.90872115
1600,1644,0.9584618
1601,1528,0.9223481
1602,900,0.94969416
1603,1490,0.9223481
1604,1551,0.92818403
1605,1643,0.9692288
1606,1605,0.918022
1607,909,0.9635673
1608,295,0.95291144
1609,1514,0.9686839
1610,1611,0.9612408
1611,1610,0.9612408
1612,1293,0.95064026
1613,897,0.92818403
1614,1459,0.90872115
1615,250,0.96944445
1616,1324,0.9144791
1617,1591,0.9545067
1618,1254,0.89995074
1619,1555,0.9144791
1620,257,0.9537462
1621,1304,0.92818403
1622,1672,0.9612408
1623,1319,0.97296894
1624,1625,0.94010925
1625,1624,0.94010925
1626,104,0.9144791
1627,1474,0.9114287
1628,1255,0.9621501
1629,1071,0.9430614
1630,1632,0.94010925
1631,1375,0.9490092
1632,1630,0.94010925
1633,1630,0.94010925
1634,1630,0.94010925
1635,1630,0.94010925
1636,1630,0.94010925
1637,1630,0.94010925
1638,1630,0.94010925
1639,1266,0.96428204
1640,1630,0.94010925
1641,1630,0.94010925
1642,1628,0.9584618
1643,1605,0.9692288
1644,1538,0.9612408
1645,1630,0.94010925
1646,1196,0.9612408
1647,1630,0.94010925
1648,1630,0.94010925
1649,1630,0.94010925
1650,1630,0.94010925
1651,1630,0.94010925
1652,1511,0.9475798
1653,1628,0.918022
1654,1527,0.90872115
1655,1410,0.918022
1656,882,0.9305874
1657,1250,0.9114287
1658,534,0.9635673
1659,1660,0.94010925
1660,1659,0.94010925
1661,917,0.90872115
1662,256,0.9430614
1663,1669,0.94010925
1664,992,0.9460556
1665,1669,0.94010925
1666,1669,0.94010925
1667,1669,0.94010925
1668,1669,0.94010925
1669,1668,0.94010925
1670,1669,0.94010925
1671,1433,0.92818403
1672,1622,0.9612408
1673,1278,0.89149
1674,1639,0.9223481
1675,1676,0.94010925
1676,1675,0.94010925
1677,757,0.918022
1678,1680,0.94010925
1679,1680,0.94010925
1680,1679,0.94010925
1681,1672,0.92818403
1682,1597,0.9144791
